BS-1
-116.772 50.7481 2632
0 101 29 428.31 1.4458e+07 2346
105
0 1.738 0.224
1 16.3
1
0
1
41.51 1.94
12.49 1.249
1.899 0.1899
33 2232.779 1.680
63 4048.695 1.680
24 1842.740 1.640
51 3685.843 1.670
43 2941.748 1.750
36 2577.545 2.090
30 1121.450 1.870
35 3265.564 2.030
54 4963.132 1.160
41 3056.482 0.000
58 3287.221 1.670
56 3831.114 1.610
50 4094.414 1.710
46 4467.790 2.010
49 4714.579 1.750
46 3324.485 1.540
55 2567.008 2.150
46 2256.912 1.810
52 4180.340 1.600
51 3756.450 1.880
58 4614.475 1.990
53 5036.524 1.900
54 4644.330 1.830
53 4828.001 1.820
37 4330.538 1.940
62 4577.625 1.590
48 2891.206 2.140
34 3043.202 1.870
63 5200.465 2.010
13.86825304 33.7834996 1.73759
12.45883986 66.09879 1.73759
11.9665439 30.93744096 1.73759
14.82705975 28.36146467 1.73759
8.582109683 28.61963344 1.73759
13.94843101 54.56474272 1.73759
14.74122756 50.78712175 1.73759
13.03145831 81.02202671 1.73759
13.94987631 81.49788521 1.73759
11.66393546 43.83469175 1.73759
10.91743893 31.07805592 1.73759
11.13367273 65.20674887 1.73759
11.74272701 18.59631014 1.73759
14.01855343 21.1164842 1.73759
12.77723874 45.28981084 1.73759
12.96489537 20.28255909 1.73759
8.494834897 49.4577429 1.73759
13.44876914 56.64162547 1.73759
11.8896402 34.3446853 1.73759
12.00590635 86.58341181 1.73759
12.89612546 53.74616226 1.73759
13.91968098 85.14282469 1.73759
11.8188842 68.71569471 1.73759
11.77569591 20.73820714 1.73759
12.49056484 80.84445892 1.73759
13.97408023 45.69155893 1.73759
8.412451707 66.31680508 1.73759
12.82605 64.56334776 1.73759
8.159171972 63.82398497 1.73759
12.35397571 52.08121224 1.73759
10.98174945 73.1687679 1.73759
15.38454414 43.00558052 1.73759
12.52879616 60.22667631 1.73759
13.44251311 48.88585805 1.73759
13.62028677 62.25217459 1.73759
12.76011069 19.48309302 1.73759
12.05823906 52.95200305 1.73759
11.76895895 78.34984714 1.73759
12.77874341 55.03808167 1.73759
15.85975841 72.72191695 1.73759
12.91378231 55.34205155 1.73759
13.68350106 48.7624282 1.73759
11.71766165 31.46743557 1.73759
12.37903986 28.19578218 1.73759
8.544201747 61.10321989 1.73759
12.88046169 62.85058737 1.73759
15.07014777 39.60955489 1.73759
12.67203719 35.41790344 1.73759
15.69861467 31.29441142 1.73759
9.856814608 15.04146822 1.73759
15.24314298 52.8212274 1.73759
13.2454779 41.06678616 1.73759
14.46988687 36.50727097 1.73759
13.60423497 49.76067532 1.73759
11.43945 67.97004152 1.73759
13.0765989 76.90300944 1.73759
11.45214351 81.68524292 1.73759
6.756385469 20.92618609 1.73759
8.776477005 63.13331743 1.73759
13.21750585 83.24065378 1.73759
14.13329078 35.22075345 1.73759
13.13433017 36.92136476 1.73759
13.83702445 35.15090009 1.73759
9.373918526 36.31159965 1.73759
12.42194466 68.05747721 1.73759
14.17319551 65.05145589 1.73759
14.14909632 74.75477182 1.73759
13.07895676 82.98585947 1.73759
11.87811286 83.91965163 1.73759
13.20841128 26.83404347 1.73759
13.20784136 40.43631164 1.73759
8.394281791 55.83173574 1.73759
11.51212072 87.69857127 1.73759
12.62738944 51.64016128 1.73759
11.52213707 89.06656842 1.73759
10.69503735 85.82415834 1.73759
10.61134097 14.46977054 1.73759
13.85282104 43.67413902 1.73759
13.22186902 33.59926523 1.73759
14.32381961 23.69803223 1.73759
12.25867331 44.75265938 1.73759
13.27607376 74.7220177 1.73759
12.90078363 62.89453636 1.73759
8.716024659 68.65996381 1.73759
12.81256009 66.52527591 1.73759
16.9597959 46.05156494 1.73759
11.69706206 42.89640483 1.73759
14.70026319 68.89358201 1.73759
12.96471 86.33342284 1.73759
14.22549561 16.0306234 1.73759
11.70753604 68.79230331 1.73759
15.40312273 13.11761415 1.73759
14.1684468 56.85977912 1.73759
14.22076437 79.15981527 1.73759
11.67327227 76.43146744 1.73759
13.30016138 77.60002135 1.73759
9.800084269 69.02584317 1.73759
11.22746388 59.82039704 1.73759
13.60458829 58.37598752 1.73759
9.797386311 54.644085 1.73759
11.4470044 86.97016023 1.73759
