BS-2
-116.769 50.7429 2480
0 100 30 493.37 1.4735e+07 2315
105
0 2.075 0.277
1 16.3
1
0
1
37.05 3.20
12.67 1.267
1.552 0.1552
47 4093.430 2.230
61 5139.217 1.830
65 2023.772 1.620
29 3225.274 2.520
26 5362.318 2.120
46 5195.842 2.630
51 5486.425 2.130
44 2181.484 2.180
47 4153.527 1.870
34 3781.356 2.060
29 3101.278 1.860
45 4770.004 2.090
39 4621.648 1.890
38 4137.157 1.470
38 4503.144 2.470
34 5738.533 1.960
37 4579.643 1.620
40 5275.765 2.150
40 4589.791 1.940
25 2665.632 2.230
28 2294.726 2.470
44 3672.696 2.360
32 5206.892 2.200
38 2412.527 1.790
39 4998.151 2.300
29 3370.364 2.240
17 1090.821 2.120
34 3712.845 1.980
33 5569.752 1.880
35 4737.127 2.050
8.712991032 85.99007979 2.07533
10.49794485 74.47212703 2.07533
12.34392315 55.17039595 2.07533
12.55964186 89.29054638 2.07533
10.42834749 86.71883932 2.07533
9.528525126 50.34505662 2.07533
12.04527696 82.16109807 2.07533
8.588529212 51.78767485 2.07533
12.79002275 81.92805855 2.07533
12.4535671 53.31932102 2.07533
14.17675599 78.36384576 2.07533
12.40384706 75.92812506 2.07533
13.83424516 52.50655364 2.07533
13.9396409 81.62135751 2.07533
14.38275873 34.63111561 2.07533
12.48286602 47.37533923 2.07533
11.97162688 40.05297685 2.07533
13.75899222 70.38091644 2.07533
15.25464825 53.01364768 2.07533
12.44101689 78.00130886 2.07533
12.07636263 74.10035557 2.07533
10.79523981 80.05352201 2.07533
11.17395928 55.8211423 2.07533
12.143238 73.98397689 2.07533
13.09676548 45.63336919 2.07533
12.85599558 71.94119477 2.07533
13.64322098 74.85013767 2.07533
13.24493356 70.49069865 2.07533
14.8823286 74.8058529 2.07533
11.8896402 79.87652086 2.07533
10.4984027 38.45454679 2.07533
12.47516245 60.52034649 2.07533
7.854816693 65.67442476 2.07533
15.00053068 66.17510846 2.07533
11.75261089 54.12040464 2.07533
12.38680909 59.86409602 2.07533
11.03741439 55.44042563 2.07533
13.16795551 38.4179602 2.07533
13.85384088 70.26987486 2.07533
13.10795452 84.82849038 2.07533
10.93661536 67.24462108 2.07533
11.93463141 69.1003504 2.07533
13.01817295 39.36597016 2.07533
12.62311018 62.79571848 2.07533
10.14802703 53.38877229 2.07533
12.81105096 85.55895186 2.07533
11.67814408 55.61378949 2.07533
8.969598056 59.66835739 2.07533
11.25048823 40.09502196 2.07533
13.94239918 79.10616631 2.07533
14.12104209 74.37922147 2.07533
12.20562477 26.46943156 2.07533
14.79736747 44.81525831 2.07533
14.78225509 55.29711262 2.07533
13.57965703 74.29569449 2.07533
12.69571627 65.88730015 2.07533
12.78382034 53.68968348 2.07533
14.204531 89.89390706 2.07533
12.66387936 43.33882646 2.07533
13.80206902 73.78294511 2.07533
13.81390464 25.73159449 2.07533
11.70096523 55.84486219 2.07533
12.16835319 75.32418275 2.07533
11.90013287 68.20994485 2.07533
15.05163721 30.69525118 2.07533
12.29604869 65.24488882 2.07533
12.45318112 79.51113237 2.07533
13.53658263 75.2598159 2.07533
13.10538738 75.03379217 2.07533
13.00302587 53.23126894 2.07533
12.62662811 56.06938483 2.07533
13.28985755 25.32976601 2.07533
14.43995946 44.07267783 2.07533
14.71528229 65.13317901 2.07533
11.565441 84.41259847 2.07533
12.57857153 84.31068154 2.07533
12.53493302 68.37368298 2.07533
13.15626949 65.80253811 2.07533
11.67711505 75.02791227 2.07533
15.67839356 57.95492486 2.07533
14.49842646 28.97045596 2.07533
12.09306796 80.5447194 2.07533
13.31580268 45.24775165 2.07533
11.83189119 26.26111443 2.07533
14.28349441 73.78287551 2.07533
11.95314346 81.94833647 2.07533
13.80921165 80.96191783 2.07533
14.60248467 58.53775941 2.07533
14.50737498 72.22061698 2.07533
12.54087525 64.73752452 2.07533
10.32481764 56.58516492 2.07533
11.33731001 77.47119229 2.07533
14.31844948 70.55145596 2.07533
12.87448953 61.60303357 2.07533
10.28423563 69.95536887 2.07533
13.12975486 64.41294069 2.07533
12.39922034 61.39902558 2.07533
13.32290999 77.4954861 2.07533
15.57828284 45.04722428 2.07533
14.26547935 70.13368446 2.07533
