BS-3
-116.766 50.7382 2206
0 100 30 237.52 1.4079e+07 2074
105
0 2.207 0.265
1 16.3
1
0
1
32.69 1.66
11.45 1.145
2.404 0.2404
27 1429.715 2.080
33 2142.756 2.370
52 3311.899 2.300
55 2151.667 0.000
42 1978.385 2.110
47 2562.141 2.180
52 2388.533 1.960
41 2851.161 2.650
48 2761.365 1.940
42 1686.787 3.060
28 2314.109 2.400
45 2220.315 2.560
38 2339.693 2.260
53 3312.247 2.240
35 1177.748 2.320
47 2993.447 2.210
35 1648.654 2.750
48 2574.487 1.880
54 3229.291 2.100
58 2564.921 1.820
48 2723.711 2.310
42 3172.270 2.490
41 1328.452 2.270
41 2725.977 1.900
44 1434.060 2.450
41 2839.309 2.160
24 777.631 2.150
35 1616.598 2.220
50 1889.309 2.260
31 1381.935 2.810
15.77133621 67.03552448 2.207
12.78382034 19.57447912 2.207
10.58049398 64.54905589 2.207
12.22746147 29.23548179 2.207
10.46974824 56.86472347 2.207
11.96841443 49.84400038 2.207
14.79785471 33.38049583 2.207
13.17944882 61.76079172 2.207
12.81630262 66.78108898 2.207
14.33639798 77.55886929 2.207
11.87366446 74.68772367 2.207
14.31091524 68.95496903 2.207
13.51099226 40.30510585 2.207
7.191630007 66.49501786 2.207
8.844943047 38.34205223 2.207
10.49267807 72.4485787 2.207
15.94183011 80.01776323 2.207
14.24254882 42.54627126 2.207
13.78166912 81.61459231 2.207
13.85941208 38.53318035 2.207
12.99858924 29.19235407 2.207
14.21822912 80.98773979 2.207
11.52213707 30.41797876 2.207
10.87341254 53.9569239 2.207
12.52745332 47.38827149 2.207
8.47567322 75.45641271 2.207
10.39510817 77.48943133 2.207
13.67559513 9.076096095 2.207
8.7942584 63.98665517 2.207
13.05541152 62.63857472 2.207
9.567791192 46.01691664 2.207
11.10341108 54.20737944 2.207
12.640325 43.72762924 2.207
9.720550606 50.79794298 2.207
10.9033411 52.33000058 2.207
14.72295641 69.73958839 2.207
10.00302088 63.72990039 2.207
11.42767885 63.6963143 2.207
6.1894258 68.52734892 2.207
12.30114279 78.55794876 2.207
4.87336149 76.6556835 2.207
12.20385251 12.72652161 2.207
8.128184861 70.38357704 2.207
9.277017223 78.76002193 2.207
13.76056419 34.93423784 2.207
9.198186448 57.83450573 2.207
9.76938179 59.42188701 2.207
13.55627557 80.2090365 2.207
12.8147436 57.28989469 2.207
12.30817425 73.90098263 2.207
13.25779187 37.4070546 2.207
10.52812061 78.16291575 2.207
11.60299225 60.97136154 2.207
11.98293334 87.68084863 2.207
8.530689559 71.8942684 2.207
7.962996439 67.0811872 2.207
9.237555841 74.40284302 2.207
11.57333479 68.52227134 2.207
12.56882344 66.84838511 2.207
5.749376008 58.23591155 2.207
13.97408023 63.65650489 2.207
13.46966107 83.51562556 2.207
12.62662811 61.09239229 2.207
11.73705915 71.11135229 2.207
10.38585615 85.07923001 2.207
13.88332168 84.50761469 2.207
6.38175024 28.1677226 2.207
8.561061992 54.19613098 2.207
12.56882344 54.1180472 2.207
10.7327229 40.36364554 2.207
7.757528229 48.89604672 2.207
14.92190349 74.70233524 2.207
11.48201925 75.68856091 2.207
13.21004876 74.19645508 2.207
7.030075675 82.27672886 2.207
13.00393594 61.57573447 2.207
12.8365389 39.55569622 2.207
14.55099849 67.29550107 2.207
11.89994467 58.49555431 2.207
9.35210048 67.12391638 2.207
11.87993371 42.08388388 2.207
8.902900671 60.10544161 2.207
8.553198013 73.42097965 2.207
10.68896835 63.08406524 2.207
11.43419652 79.35231352 2.207
9.234433287 66.64023663 2.207
10.95414 59.59657553 2.207
6.822579274 82.83483245 2.207
10.76045377 70.51712035 2.207
9.178045651 56.67701347 2.207
14.33103256 56.42794956 2.207
10.71981453 50.62896618 2.207
13.30377691 39.86256706 2.207
14.22532666 80.78422275 2.207
12.24160499 35.75298348 2.207
11.53339506 75.85299089 2.207
12.45324812 66.06397057 2.207
15.80389478 64.83724569 2.207
14.16776828 77.33574153 2.207
10.92734057 30.55431737 2.207
