BS-4
-116.762 50.7394 2102
0 103 30 368.93 8.7303e+06 1778
105
0 2.024 0.139
1 16.3
-1
0
1
34.31 1.61
12.42 1.242
1.720 0.172
39 1593.265 1.930
47 1290.199 2.110
35 2666.951 2.110
35 2015.877 2.110
34 1546.874 2.010
49 2223.004 2.060
65 2732.140 1.830
54 2573.763 2.010
42 1673.118 2.040
38 2001.688 1.960
38 2633.021 2.160
37 1571.725 1.980
42 1347.517 2.010
51 2346.978 1.770
37 2520.200 1.610
34 1701.502 2.040
50 2642.484 1.680
47 2381.830 1.810
28 764.683 2.430
44 2222.769 2.020
38 1816.571 2.120
63 3212.987 2.240
49 2606.825 2.050
63 2217.069 2.100
29 1365.950 2.180
26 1293.072 1.960
50 2900.663 2.040
31 1219.739 2.140
47 2443.647 2.010
45 1953.009 2.200
10.3206269 72.31958095 2.024
13.16795551 57.89317481 2.024
13.93601983 44.64946912 2.024
9.956521828 86.17572012 2.024
12.21881015 58.06142209 2.024
12.28100278 45.38070432 2.024
13.04756841 31.25750073 2.024
12.82773629 36.7519413 2.024
10.08721719 47.58808075 2.024
13.35480091 60.25214467 2.024
10.92257728 76.85554122 2.024
14.6704639 49.04505915 2.024
8.885879678 41.8953382 2.024
13.91735282 79.04289974 2.024
13.53711525 63.88948653 2.024
14.92190349 30.0045771 2.024
12.12085903 49.7110285 2.024
12.00390439 28.73624671 2.024
10.83522194 85.79746598 2.024
12.64308542 69.71070264 2.024
11.22339277 74.68014542 2.024
11.60290777 80.37063932 2.024
11.34811603 67.91348503 2.024
13.67700096 58.40153887 2.024
14.5838749 28.19035639 2.024
12.25592828 84.59644055 2.024
12.41026366 82.39743513 2.024
14.64898768 58.03690457 2.024
13.96014254 28.3581116 2.024
12.05704314 77.41055104 2.024
8.441479132 73.85818443 2.024
12.47342849 51.61158214 2.024
12.50706632 47.07839704 2.024
14.93043724 55.23982426 2.024
10.91655835 79.07502237 2.024
11.94000015 41.33874851 2.024
8.288955503 77.08654729 2.024
11.53733778 60.48479144 2.024
11.58143072 37.01538366 2.024
10.28914195 79.82805126 2.024
11.37392406 51.77121539 2.024
12.51478517 19.78014158 2.024
12.50114298 39.77778429 2.024
15.50342729 78.78487642 2.024
14.3520252 81.98423459 2.024
11.21368547 76.25596352 2.024
13.79161739 56.57521738 2.024
12.2368923 55.38092535 2.024
13.65801 17.18799048 2.024
11.73460173 70.56548553 2.024
11.87560209 63.56338893 2.024
11.36546887 65.20110999 2.024
12.41026366 48.94913313 2.024
10.34156362 38.88635843 2.024
10.673443 88.55574875 2.024
14.10379879 27.79205065 2.024
12.24396066 81.34825526 2.024
8.443060435 64.05190834 2.024
14.93693034 82.39574317 2.024
14.85054426 60.13671646 2.024
13.565312 81.21986352 2.024
12.02770601 59.77547203 2.024
9.524514372 40.26038897 2.024
13.52859084 43.02730984 2.024
11.33391776 36.45498358 2.024
10.81370216 57.90580456 2.024
14.36068491 79.87384957 2.024
11.75690446 26.56569996 2.024
15.36399639 86.34076198 2.024
14.43618864 48.73930823 2.024
12.60452959 55.18700929 2.024
14.12458665 54.42352295 2.024
12.42562012 61.39337559 2.024
12.56480733 76.15195405 2.024
11.66990931 38.89931968 2.024
11.42830976 32.43461869 2.024
14.65636856 25.47250667 2.024
14.71381232 56.54549741 2.024
11.2246105 25.80123697 2.024
13.02592439 77.22648563 2.024
8.342677992 27.14193348 2.024
10.53816 84.30580285 2.024
10.93261778 73.90689632 2.024
12.398445 57.15475101 2.024
9.332806905 82.24971917 2.024
15.56470081 75.84962166 2.024
12.36428196 46.10162092 2.024
13.4296344 68.16790552 2.024
13.42211611 52.71681743 2.024
13.94963706 41.41113726 2.024
12.95432488 70.58178441 2.024
14.88336032 62.58956922 2.024
11.06611919 62.99942717 2.024
12.86814107 54.17459933 2.024
15.30749252 71.92594748 2.024
15.34825905 47.44619527 2.024
13.49822924 52.25931438 2.024
12.76142905 33.35641137 2.024
12.10478769 82.32001982 2.024
11.57644928 49.61862112 2.024
12.55351707 60.25212954 2.024
11.74770204 76.09492033 2.024
10.82636289 69.65625099 2.024
