BS-5
-116.76 50.7388 2018
0 92 30 542.97 1.58e+07 2278
105
0 2.467 0.177
1 16.3
1
0
1
36.59 2.76
12.47 1.247
1.884 0.1884
24 3681.879 2.490
40 7287.909 2.830
41 6335.390 1.780
38 4527.745 2.630
38 9144.638 2.730
45 7495.766 2.600
37 3578.429 2.230
22 3540.360 2.720
42 3525.482 2.350
37 4697.197 2.430
52 3621.421 2.610
35 5590.271 2.540
37 4408.594 2.310
38 4578.904 2.300
39 4753.103 2.290
47 3225.620 2.300
36 2775.415 2.390
39 2390.625 2.420
26 4926.132 2.620
21 2790.493 2.450
40 2063.941 2.760
42 6561.122 2.500
29 3681.587 2.380
32 4788.758 2.630
23 3075.404 2.210
34 3388.273 2.720
33 6064.229 2.460
27 3489.980 2.600
23 4581.077 2.610
22 2044.170 2.120
10.76224041 75.15830795 2.467
11.40999936 59.10670491 2.467
8.202357262 63.92308406 2.467
12.77723874 40.27483619 2.467
16.08949004 44.97231967 2.467
13.87033245 73.46295644 2.467
12.86664686 52.08141412 2.467
10.17546185 41.74978373 2.467
8.399237222 62.16532223 2.467
10.72488266 43.0240752 2.467
10.11077686 72.33466423 2.467
13.88280234 75.43539515 2.467
15.98984891 30.3055605 2.467
13.95669899 55.8252135 2.467
14.87237582 65.3644795 2.467
14.84844027 65.78095122 2.467
14.71528229 39.51746882 2.467
15.42635344 86.039716 2.467
12.90450895 85.73098809 2.467
12.0247084 76.42746277 2.467
12.44430047 73.67294233 2.467
12.02790583 75.15988587 2.467
12.58449315 78.68097671 2.467
11.27332235 73.88068883 2.467
14.69076362 56.60877764 2.467
13.65501828 35.37166246 2.467
13.35264122 78.48688094 2.467
14.83921155 37.61903134 2.467
13.53072245 50.68019603 2.467
11.98988137 66.54686688 2.467
13.30305225 73.52239807 2.467
13.68631096 77.35518774 2.467
12.34151896 35.60172208 2.467
11.03414775 55.70653835 2.467
11.27332235 87.52360113 2.467
11.47615702 75.68417916 2.467
11.23937453 71.93959933 2.467
13.61306511 69.98902097 2.467
14.1729122 60.79467349 2.467
13.82868492 62.90851643 2.467
13.45162807 48.30000763 2.467
12.24239026 37.04745481 2.467
8.876677048 53.72145445 2.467
14.76598797 71.71649909 2.467
11.18127622 62.67803642 2.467
12.46166974 70.60156486 2.467
15.09930365 78.90110075 2.467
9.847873726 79.55275398 2.467
10.66803759 74.69669623 2.467
12.09306796 49.94154965 2.467
11.62221341 60.8419795 2.467
12.60440922 64.92085898 2.467
12.59174812 44.56476682 2.467
10.24888767 18.81763944 2.467
8.590767557 83.92844653 2.467
11.84407228 52.07969937 2.467
16.04746153 38.23038047 2.467
14.22954971 27.1086221 2.467
13.7910946 88.3656177 2.467
14.03414569 55.66284648 2.467
14.33810877 81.20974997 2.467
9.034473143 54.59099459 2.467
12.80579715 65.58338601 2.467
9.370841411 27.36536669 2.467
11.02695775 61.73350847 2.467
13.94843101 63.66948803 2.467
13.27230458 21.64608063 2.467
15.01888871 67.17116861 2.467
13.05854062 65.96359193 2.467
11.97336913 63.48496392 2.467
12.54460087 71.25499616 2.467
14.27339531 38.25131366 2.467
11.09821508 82.4178179 2.467
10.58912204 74.24882634 2.467
11.9219381 46.95736505 2.467
9.589118492 78.47605152 2.467
8.971473448 64.73280215 2.467
14.1380513 55.68691248 2.467
11.44533103 85.7709444 2.467
13.31172109 44.33360136 2.467
12.79753679 89.91202673 2.467
13.26379118 62.59052528 2.467
10.68244595 73.54713244 2.467
10.43111265 89.26985201 2.467
15.40125027 32.25544269 2.467
14.64636248 65.31464628 2.467
11.32628149 69.60503687 2.467
10.25193566 69.27178511 2.467
12.99137648 64.99574086 2.467
10.84831746 26.21202957 2.467
13.83424516 48.82204658 2.467
11.96841443 86.35084584 2.467
