BS-6
-116.759 50.7387 1933
0 45 30 433.62 1.3432e+07 2702
105
0 2.221 0.322
1 16.3
1
0
1
31.36 1.54
12.74 1.274
1.633 0.1633
28 3142.097 2.540
35 3177.413 2.190
15 1779.646 2.200
22 2299.721 2.190
30 3037.430 2.280
45 3961.143 2.530
32 2525.201 2.460
24 2790.377 2.500
33 2336.589 2.250
11 1530.299 2.320
25 2397.233 2.200
19 1917.011 2.090
31 2480.080 1.750
35 3973.740 2.410
21 2148.711 2.280
18 1686.942 2.700
11 1079.786 2.230
23 1520.610 2.040
36 2482.193 0.000
26 1873.027 2.040
31 1909.797 2.110
29 2616.321 2.070
36 2626.105 2.590
17 2177.169 2.470
30 2732.056 2.340
32 1809.412 2.510
19 2557.443 2.180
26 3669.831 2.510
20 2922.405 2.260
17 1435.374 2.390
13.39433351 49.26860252 2.221
11.61789601 67.35055846 2.221
12.91028107 87.52240113 2.221
13.16631279 51.25359458 2.221
16.56624356 69.1409336 2.221
14.61284974 62.59997395 2.221
15.99826368 73.76913511 2.221
11.28802267 88.41975027 2.221
11.5689731 58.45574483 2.221
11.92496154 43.12879692 2.221
11.25155628 41.82285755 2.221
9.583101475 89.13630996 2.221
13.89041733 37.17605613 2.221
13.65959359 75.73347835 2.221
14.51383437 48.42049371 2.221
12.90395022 72.98726384 2.221
13.71910897 57.53407058 2.221
11.27204316 87.66879076 2.221
15.16727452 34.37300225 2.221
10.62899223 84.89914788 2.221
11.04873124 81.50045066 2.221
10.29194451 61.51276361 2.221
11.88317009 51.42651643 2.221
12.15412443 45.53186252 2.221
11.84488391 52.89605381 2.221
12.60840861 42.43201138 2.221
14.06852451 48.95893251 2.221
14.81424907 48.68182576 2.221
12.48166201 67.76176232 2.221
14.93370661 39.42481652 2.221
10.62989663 59.70163254 2.221
13.70564839 72.34704123 2.221
14.14399969 56.00561895 2.221
10.71950319 72.51939781 2.221
13.70649015 69.99970744 2.221
10.10649737 67.44770409 2.221
11.57811 79.96309755 2.221
13.53917312 25.60281334 2.221
14.55104409 74.4834859 2.221
13.01651133 60.03263084 2.221
13.26741457 76.97023422 2.221
13.73958984 35.38223851 2.221
11.25838938 66.72819744 2.221
11.73705915 44.45947664 2.221
11.88296784 56.42119422 2.221
