BS-7
-116.753 50.7404 1850
0 101 36 409.46 8.4732e+06 2026
105
0 2.415 0.176
1 16.3
1
0
1
24.26 1.35
12.24 1.224
1.990 0.199
27 3465.783 2.000
49 3874.719 2.600
37 2039.107 2.600
35 2404.609 2.300
43 5322.246 2.600
20 1785.668 2.700
32 2036.529 2.400
32 1741.315 2.800
25 2267.197 2.200
26 1673.173 2.504
31 2138.299 2.535
35 1672.498 2.015
34 2817.439 2.300
37 2847.654 2.300
36 2544.117 2.756
17 1408.720 2.400
24 1042.829 1.900
28 1700.509 2.400
29 5347.855 2.529
16 1732.555 2.500
40 2934.803 2.271
20 1336.853 2.100
21 1161.038 2.164
21 1723.662 2.300
31 1343.601 1.900
44 4054.036 2.010
25 1645.600 2.790
15 1574.989 2.400
33 2495.359 2.400
21 948.322 3.014
28 1795.191 2.500
31 1782.408 2.500
40 3982.453 2.500
19 1096.093 2.200
24 1838.940 2.900
34 1543.462 2.650
13.00717343 61.1730985 2.41494
8.566113594 79.84975448 2.41494
11.2528378 87.99117021 2.41494
10.49267807 33.37284317 2.41494
12.01891091 40.41988753 2.41494
10.44597544 88.52675875 2.41494
11.70753604 79.97781439 2.41494
11.18819926 61.82749508 2.41494
12.22176015 70.76996651 2.41494
13.18965669 85.5010551 2.41494
11.97564125 46.1710053 2.41494
8.441194423 75.29248793 2.41494
11.05047127 34.11977482 2.41494
10.61564334 29.803389 2.41494
14.04578373 86.12763486 2.41494
15.53476506 77.90358854 2.41494
12.67279579 61.0502937 2.41494
10.17428084 64.61781328 2.41494
12.29508471 52.19436767 2.41494
14.86397042 79.79076592 2.41494
13.75899222 80.32293481 2.41494
12.39922034 77.63230837 2.41494
11.5381868 69.37804431 2.41494
13.82868492 50.25262102 2.41494
11.48662319 46.05686333 2.41494
13.28260006 62.38957061 2.41494
11.91286316 74.537879 2.41494
15.81514408 41.0989404 2.41494
11.38251479 72.85734808 2.41494
9.658791255 73.70189577 2.41494
8.348437521 77.69650753 2.41494
9.437542271 33.27911111 2.41494
13.31009611 6.157093762 2.41494
13.35480091 39.92216596 2.41494
15.99260631 40.88299819 2.41494
15.41575584 83.77236264 2.41494
6.670468414 72.22898162 2.41494
15.57072158 8.190300855 2.41494
11.26757126 70.22518945 2.41494
12.9352019 50.52754015 2.41494
15.50079886 42.55339573 2.41494
13.79161739 82.16571598 2.41494
11.90559824 74.52337403 2.41494
11.80891603 75.65226605 2.41494
11.22931998 77.55277166 2.41494
13.37943266 40.97517863 2.41494
12.22274333 81.84273429 2.41494
7.5858553 51.0817163 2.41494
12.6598934 74.31337541 2.41494
9.653569172 62.91207747 2.41494
10.33110056 55.04239199 2.41494
11.15265231 81.6193358 2.41494
9.607647239 77.41478908 2.41494
12.32639607 71.37920348 2.41494
11.2914287 51.98775538 2.41494
11.97323279 69.56510179 2.41494
15.04077559 59.88624659 2.41494
13.24221149 88.5599608 2.41494
12.1267833 87.5931496 2.41494
10.75710303 54.93288507 2.41494
10.73205111 64.21657066 2.41494
11.78569217 23.88007994 2.41494
11.13518365 83.09020297 2.41494
10.30664546 66.1533711 2.41494
10.03277953 75.55193557 2.41494
12.42226454 72.02791338 2.41494
12.28575976 57.97656082 2.41494
14.2287052 89.55325834 2.41494
14.33840949 67.23092001 2.41494
10.08936125 89.84641176 2.41494
11.2528378 54.49045664 2.41494
12.07317804 71.92292674 2.41494
11.7958837 40.17049343 2.41494
15.19023306 74.83809355 2.41494
13.42784471 55.6889335 2.41494
13.08150279 83.94547959 2.41494
10.91919988 87.13759477 2.41494
11.46295603 71.21471315 2.41494
15.33635389 89.80042259 2.41494
13.21059455 85.35736768 2.41494
12.2095607 52.40435364 2.41494
15.86809071 65.17526781 2.41494
15.41263752 61.48756593 2.41494
12.54489903 82.9408126 2.41494
13.71910897 24.49809447 2.41494
13.19020332 48.0016361 2.41494
11.90640567 29.83614862 2.41494
15.00051078 67.71649373 2.41494
13.59027167 55.01998301 2.41494
8.97602634 35.96213415 2.41494
13.26054155 82.11594956 2.41494
10.98065516 58.57678088 2.41494
10.22022307 85.79558829 2.41494
14.63405054 70.27237843 2.41494
14.26136035 47.47449025 2.41494
13.63000293 58.9745518 2.41494
9.123448783 84.71176586 2.41494
15.51784446 57.02640314 2.41494
13.65871384 63.10568845 2.41494
10.88503079 82.17922926 2.41494
11.52213707 76.89056722 2.41494
